<?xml version="1.0" encoding="utf-8"?>
<gml:MultiSurface xmlns:gml="http://www.opengis.net/gml/3.2"
xmlns:xsi="http://www.w3.org/2001/XMLSchema-instance"
xsi:schemaLocation="http://www.opengis.net/gml/3.2
http://schemas.opengis.net/gml/3.2.1/gml.xsd" gml:id="InternalWaters">
<gml:surfaceMembers>
<gml:Polygon gml:id="GAIW1054_1">
<gml:description>InternalWaters, Germany, http://www.bsh.de, tim.perkuhn@bsh.de, created on 2008-06-09</gml:description>
<gml:exterior>
<gml:LinearRing>
<gml:posList>7.25 53.32 7.19 53.31 7.01 53.33 6.97 53.37 6.91 53.43 6.88 53.45 6.81 53.49 6.77 53.51 6.74 53.53 6.68 53.55 6.61 53.58 6.55 53.61 6.64 53.62 6.72 53.65 6.8 53.67 6.83 53.67 7.05 53.69 7.16 53.72 7.32 53.73 7.35 53.73 7.4 53.74 7.61 53.76 7.69 53.78 7.76 53.78 7.81 53.79 8.34 53.96 8.57 54.3 8.47 54.42 8.29 54.67 8.28 54.75 8.29 54.91 8.39 55.04 8.4 55.07 8.48 55.05 8.47 55.03 8.52 54.99 8.56 54.99 8.66 54.91 9.46 54.83 9.5 54.84 9.59 54.89 9.63 54.88 9.6 54.85 9.74 54.82 9.89 54.84 9.94 54.82 9.93 54.79 9.97 54.77 10 54.72 10.03 54.7 10.04 54.67 10.03 54.58 10.03 54.55 10.16 54.48 10.2 54.46 10.35 54.44 10.41 54.42 10.47 54.4 10.55 54.38 10.6 54.36 10.93 54.38 11 54.45 11.01 54.48 11.04 54.52 11.07 54.54 11.16 54.53 11.19 54.52 11.24 54.5 11.27 54.47 11.28 54.45 11.3 54.43 11.31 54.4 11.04 54.18 10.99 54.16 10.96 54.15 10.93 54.12 10.89 54.1 10.85 54.09 10.8 54.09 10.79 54.07 10.75 54.05 10.78 54.01 10.81 53.99 10.86 54 10.88 53.97 10.92 53.96 11.02 54 11.15 54.01 11.18 54.02 11.55 54.09 11.59 54.1 11.65 54.13 11.67 54.15 11.71 54.16 11.77 54.16 11.83 54.15 11.89 54.15 11.93 54.16 11.98 54.17 12.05 54.18 12.23 54.25 12.31 54.28 12.35 54.31 12.39 54.35 12.41 54.38 12.48 54.43 12.5 54.46 12.53 54.49 13.13 54.61 13.26 54.66 13.32 54.68 13.39 54.68 13.43 54.68 13.65 54.58 13.68 54.56 13.77 54.34 13.93 54.25 13.82 54.16 13.85 54.12 13.9 54.09 13.98 54.07 14.03 54.05 14.09 54.01 14.15 53.98 14.18 53.95 14.23 53.93 14.21 53.87 14.28 53.77 14.27 53.74 14.27 53.7 13 53.32 7.25 53.32</gml:posList>
</gml:LinearRing>
</gml:exterior>
</gml:Polygon>
</gml:surfaceMembers>
</gml:MultiSurface>
