<?xml version="1.0" encoding="utf-8"?>
<gml:MultiSurface xmlns:gml="http://www.opengis.net/gml/3.2"
xmlns:xsi="http://www.w3.org/2001/XMLSchema-instance"
xsi:schemaLocation="http://www.opengis.net/gml/3.2
http://schemas.opengis.net/gml/3.2.1/gml.xsd" gml:id="TerritorialSea">
<gml:surfaceMembers>
<gml:Polygon gml:id="GATS1054_1">
<gml:description>TerritorialSea, Germany, http://www.bsh.de, tim.perkuhn@bsh.de, created on 2008-06-09</gml:description>
<gml:exterior>
<gml:LinearRing>
<gml:posList>7.25 53.32 7.19 53.31 7.02 53.32 6.99 53.33 6.99 53.35 6.97 53.37 6.94 53.4 6.93 53.42 6.91 53.43 6.88 53.45 6.81 53.49 6.77 53.51 6.74 53.53 6.68 53.55 6.64 53.57 6.61 53.58 6.55 53.61 6.37 53.61 6.32 53.62 6.44 53.78 6.52 53.8 6.58 53.81 6.62 53.83 6.65 53.84 6.68 53.85 6.73 53.86 6.81 53.87 6.96 53.88 7.04 53.9 7.08 53.91 7.19 53.92 7.29 53.93 7.35 53.95 7.41 53.95 7.53 53.96 7.6 53.97 7.7 53.98 7.73 53.99 7.7 54 7.64 54.03 7.61 54.05 7.54 54.12 7.53 54.15 7.52 54.22 7.55 54.28 7.58 54.31 7.68 54.36 7.71 54.37 7.75 54.38 7.86 54.39 8 54.39 8.04 54.38 8.09 54.37 8.15 54.35 7.96 54.61 7.94 54.66 7.93 54.77 7.94 54.89 7.95 54.94 7.98 55 8.03 55.06 8.04 55.1 8.4 55.07 8.48 55.05 8.47 55.03 8.5 55 8.56 54.99 8.55 54.92 9.46 54.83 9.5 54.84 9.59 54.89 9.63 54.88 9.6 54.85 9.74 54.82 9.89 54.84 9.94 54.82 10.05 54.77 10.2 54.76 10.22 54.7 10.31 54.61 10.34 54.59 10.43 54.57 10.51 54.55 10.59 54.52 10.65 54.51 10.75 54.51 10.82 54.55 11 54.57 11.14 54.58 11.31 54.53 11.32 54.51 11.35 54.5 11.4 54.47 11.54 54.41 11.64 54.33 11.95 54.33 12.17 54.38 12.26 54.45 12.29 54.52 12.32 54.58 12.75 54.74 12.99 54.79 13.05 54.82 13.11 54.84 13.19 54.86 13.28 54.87 13.33 54.88 13.53 54.88 13.61 54.86 13.67 54.83 13.84 54.75 13.87 54.74 13.91 54.72 13.94 54.7 13.99 54.65 14.01 54.62 14.02 54.59 14.08 54.44 14.07 54.28 14.17 54.24 14.24 53.99 14.23 53.93 14.21 53.87 14.28 53.77 14.27 53.7 13 53.32 7.25 53.32</gml:posList>
</gml:LinearRing>
</gml:exterior>
</gml:Polygon>
</gml:surfaceMembers>
</gml:MultiSurface>
